%YAML:1.0
display_id: 1
frame_width: 1920
frame_height: 1080
marker_size: 9.35
marker_scale: 0.3195
display_width: 52.0257350424646
display_height: 29.264475743349
