%YAML:1.0
rotation:
   x: 0.
   y: 0.
   z: 0.
translation:
   x: 0.
   y: -2.5000000000000000e-001
   z: -23.
