%YAML:1.0
rotation:
   x: 0.
   y: 1.5707963267948966e+000
   z: 0.
translation:
   x: -2.3399999999999999e+001
   y: -3.4999999999999998e-001
   z: 3.9500000000000002e+000
