%YAML:1.0
rotation:
   x: 0.0
   y: -0.785398
   z: 0.0
translation:
   x: 7.07
   y: 0.0
   z: -10.0
